proj:       99
zone:       0
north:      731322
south:      730212
east:       2092347
west:       2090835
cols:       504
rows:       370
e-w resol:  3
n-s resol:  3
top:        138.000000000000000
bottom:     0.000000000000000
cols3:      504
rows3:      370
depths:     46
e-w resol3: 3
n-s resol3: 3
t-b resol:  3
